1
5246
2
3
4
5
6
7
8
9
10
11
12
13
970
128
14
15
16
4892
17
18
19
20
21
22
23
24
25
26
27
28
12
29
5121
30
31
32
33
34
5407
36
37
38
5293
39
40
41
42
43
2051
44
45
46
47
2068
5229
5396
4131
4746
50
51
52
5078
3943
54
2092
55
2088
56
57
2554
59
60
61
62
63
64
5160
5552
66
67
68
69
70
71
72
73
74
75
76
5155
77
78
79
3422
80
81
82
83
84
85
86
3428
87
88
88
89
89
5071
90
91
92
5326
93
5296
94
95
96
97
98
99
100
101
102
103
4436
3991
104
105
4442
106
5177
107
108
109
110
4115
111
112
113
114
115
116
117
118
2274
415
119
120
415
121
122
2214
123
4268
2216
3664
124
125
3670
126
5024
5017
127
128
129
5565
130
677
656
658
131
132
5174
134
4837
135
136
137
138
139
140
141
142
143
5073
144
145
146
147
148
5190
149
150
2260
3263
151
2263
152
414
153
154
155
3545
156
5266
3661
157
158
159
3077
2536
161
162
163
5033
164
165
166
167
168
2291
2291
169
170
171
172
173
174
175
176
177
178
179
180
181
182
183
184
185
5138
4709
186
187
188
189
4211
5024
2336
190
283
541
190
192
193
194
195
196
197
198
199
5371
5049
200
201
202
203
204
205
206
207
208
209
210
211
212
213
214
215
216
217
218
219
220
221
222
223
224
225
226
2389
227
228
4245
4245
3953
2394
3502
230
3621
879
2395
231
878
232
232
3176
233
234
235
236
237
238
239
240
241
367
242
243
244
3176
2581
245
246
247
4998
248
249
5346
250
5301
251
252
253
254
4032
5271
255
4548
257
258
259
260
261
4664
263
4559
265
266
267
268
269
270
5558
272
273
499
274
275
275
276
277
278
279
4276
280
416
416
4752
281
282
283
284
285
286
287
543
1030
1030
288
289
290
291
292
293
4575
294
295
296
2513
297
298
299
2632
300
301
302
303
304
305
4600
306
307
3170
308
5394
310
311
864
483
482
312
777
855
501
313
314
315
2562
4171
316
317
4009
4706
5084
319
320
321
3501
322
323
324
5149
5149
325
325
326
327
328
329
330
331
332
333
334
4277
4022
335
4932
4606
336
337
338
339
340
341
342
343
344
345
346
347
348
349
350
351
352
353
354
355
2626
356
357
358
359
4277
5270
360
361
362
363
364
365
366
367
368
369
370
371
372
373
374
375
4631
377
378
379
380
381
382
383
384
385
386
387
932
388
389
5430
391
392
393
394
395
396
397
2684
399
400
2681
401
418
418
402
403
404
405
406
407
2766
408
3345
409
409
410
411
412
411
413
414
424
120
415
416
417
418
403
419
420
421
422
423
424
850
425
426
427
428
429
1007
5530
5530
430
431
432
433
434
435
436
437
438
2685
439
1040
440
441
442
2696
443
4797
2703
444
445
446
447
448
5420
5127
449
450
451
452
453
454
455
456
457
458
4053
460
461
462
463
5182
3345
879
465
465
466
466
467
468
469
470
471
472
473
474
475
475
274
476
477
856
478
478
479
479
480
481
482
483
821
484
485
486
487
488
489
490
5278
5414
5414
538
521
491
755
521
492
492
639
492
522
493
493
493
494
494
537
494
997
997
814
498
817
473
496
864
865
1049
820
876
497
5378
503
498
496
821
821
500
499
499
500
819
501
502
503
504
504
505
506
507
508
509
510
511
512
513
514
515
516
517
518
516
753
708
708
708
725
522
519
751
751
520
509
521
748
512
513
729
520
745
751
523
524
525
526
527
528
529
530
5421
532
533
534
535
5273
3202
536
3690
2870
537
537
194
538
659
539
540
541
2859
543
541
543
544
545
547
3342
546
2861
547
548
549
981
550
551
552
553
665
665
683
666
554
3011
555
4847
3073
556
5250
557
558
559
560
561
562
563
564
3157
565
566
567
568
4966
569
570
4272
131
5212
1048
572
573
2983
574
575
576
577
3530
578
579
853
580
581
5410
582
583
584
585
586
587
588
5305
590
591
3849
3849
577
784
592
593
594
4829
595
5167
596
597
598
599
600
601
602
3455
603
3157
605
606
606
229
607
608
609
610
611
612
613
614
615
616
4400
617
618
619
620
621
622
623
624
625
626
3196
3192
3665
3677
3200
3193
627
628
629
630
631
632
633
634
635
636
637
637
638
717
639
770
815
640
641
641
639
642
643
644
645
646
644
647
648
649
650
651
652
653
654
655
26
656
657
658
656
678
668
660
661
970
662
663
663
682
664
665
666
666
665
970
662
705
704
668
668
670
671
672
673
674
675
676
662
657
656
677
657
678
679
680
681
665
682
682
683
666
684
5390
685
19
686
686
687
3220
688
3354
3499
689
690
691
692
693
694
695
696
697
698
699
701
701
702
675
704
705
706
707
681
681
637
708
737
737
709
710
711
712
713
745
714
715
716
717
717
718
719
720
983
721
721
722
722
723
723
128
724
752
752
725
753
749
726
726
725
514
727
728
752
753
721
729
731
730
638
716
716
716
730
732
732
4273
734
733
734
735
736
974
738
757
757
757
757
674
740
741
742
739
739
813
742
3353
743
744
720
1004
914
401
745
746
747
748
513
749
750
751
752
837
753
754
755
757
757
510
509
726
754
752
759
516
756
757
514
513
513
512
727
518
517
725
520
751
760
761
762
763
3399
764
387
765
766
767
768
769
770
638
807
731
816
771
772
773
3457
774
1005
775
776
777
777
1049
778
779
780
781
5546
782
783
784
785
786
5321
787
3547
5163
789
790
791
792
793
794
795
796
797
798
799
3609
801
802
4302
804
805
4947
806
753
728
837
815
640
770
812
807
3842
983
808
809
495
3710
810
811
816
970
495
495
812
495
3710
813
814
703
513
753
753
753
753
753
815
816
465
487
817
500
818
819
820
821
822
823
856
818
824
824
825
826
827
827
828
828
1042
829
1044
1044
830
831
832
833
834
835
836
837
837
838
839
840
841
842
843
844
845
846
847
848
495
849
850
850
734
851
851
817
817
852
775
1049
853
854
477
5378
855
1047
1047
856
857
858
859
860
861
820
820
862
863
864
864
892
865
866
867
876
876
868
892
869
879
879
879
879
870
870
888
888
846
888
479
479
481
481
872
840
843
873
874
875
868
3953
877
486
878
879
843
843
843
877
884
884
880
880
880
880
869
869
925
866
925
925
925
886
881
886
882
882
882
887
926
926
926
926
926
926
927
871
871
871
927
889
928
928
928
928
928
928
928
878
929
929
929
929
883
883
884
884
889
889
879
889
889
889
889
889
490
490
873
873
889
889
889
879
871
871
871
871
885
885
885
885
872
479
872
872
872
872
872
872
481
871
871
871
887
887
887
887
870
870
888
888
888
885
888
885
887
887
867
886
886
867
877
877
877
877
893
893
886
893
893
882
886
886
886
886
887
887
870
870
888
888
888
887
888
887
886
886
877
877
877
893
893
893
886
886
886
871
871
885
885
872
872
872
872
871
871
889
889
889
889
889
889
889
889
889
889
887
872
886
889
890
890
892
892
776
891
577
891
577
891
891
890
890
892
892
891
891
891
890
890
891
892
879
871
885
893
902
902
825
825
825
825
4400
4400
619
619
906
619
906
906
906
906
907
907
897
897
894
894
900
900
894
894
903
903
903
901
908
908
908
908
828
828
828
828
909
1044
909
1044
909
829
5380
5380
5380
5380
5530
5530
5530
5530
901
901
901
901
4398
4398
4398
4398
848
848
848
848
5530
5530
5530
5530
900
900
900
900
900
900
899
900
904
904
615
904
612
904
904
611
895
895
895
895
897
897
897
897
910
896
896
896
896
780
616
616
616
615
899
899
899
899
897
897
824
824
824
824
847
847
847
847
910
910
898
910
910
898
898
898
906
906
897
897
896
896
896
896
896
899
899
899
824
898
847
898
910
910
910
898
898
898
898
900
900
900
904
904
904
904
904
895
895
5530
5530
901
901
4398
4398
4398
848
5530
5530
905
1018
905
4400
4400
906
906
906
907
907
894
894
894
903
903
908
908
908
909
909
909
909
1019
1018
896
904
898
901
905
1018
905
905
4400
906
906
1017
907
907
894
903
894
903
903
908
908
908
909
909
909
909
1019
1018
4397
905
910
1007
828
1044
829
1042
911
3861
913
914
915
3870
916
917
918
919
920
921
922
706
923
924
4402
924
5060
997
495
880
881
1015
884
880
881
880
880
925
881
925
881
881
881
881
1015
882
1015
882
1015
926
1015
926
926
926
926
927
927
927
927
927
927
928
927
928
1016
928
928
928
928
929
1016
929
1016
1016
1016
884
1016
1015
930
931
388
933
4637
934
935
4800
2071
936
937
5323
938
939
5199
2405
940
941
5428
942
5040
943
944
945
5143
4381
947
948
949
950
951
952
953
3335
954
955
5315
957
958
959
960
974
961
962
963
964
5006
965
966
967
968
969
4273
4273
5015
970
971
972
973
974
974
975
971
5488
977
978
979
808
816
970
1003
980
678
662
981
982
494
4273
988
988
988
988
494
983
984
494
4273
988
988
494
494
494
988
990
990
995
1004
985
986
988
988
987
987
988
989
990
990
991
992
1004
993
990
990
494
997
994
995
996
997
998
988
994
999
1000
1001
1002
1003
494
995
988
1004
994
1005
1006
777
777
1007
1007
1008
1008
1009
1009
1010
1010
1011
441
1012
1013
1013
1014
1015
1015
927
1015
927
1015
1015
1015
1017
4397
1017
1019
1018
4397
4397
907
1019
1020
1021
1022
1023
1024
1025
1026
1027
1028
1029
1030
429
429
1031
1032
1033
1034
618
618
1035
1036
1037
1038
610
1039
1040
1041
1044
1008
1044
606
1043
5548
828
1044
606
1045
828
1045
829
683
677
1046
1046
856
477
1047
5379
1049
778
3837
1050
1051
1052
1053
1054
1055
1056
4787
4148
4418
4795
1057
1058
1059
1060
1061
1062
2054
1063
1064
1065
1066
1067
1068
1069
4180
1070
1071
1072
1073
1074
5191
1075
2091
1077
1078
1079
2098
1080
1081
1082
1083
1084
1085
1086
1087
1088
1089
1090
1091
1092
1093
1094
1095
1096
1097
1098
1099
1100
4514
1102
1103
1104
1105
1106
1107
1108
1109
1110
1111
1112
1113
1113
1114
1114
1115
5381
1116
1117
1118
1119
5345
1120
1121
1122
2273
1123
1124
1125
1126
1127
1128
1129
1130
1131
4443
1132
5338
4675
4584
1134
1135
1136
1137
1138
1139
1140
1141
1142
4880
4234
1442
1144
1145
1442
1146
1147
2215
1148
1149
5277
1151
1152
2337
1153
1154
1154
5041
1155
1156
1157
1158
1159
1704
1706
1612
1160
1161
4467
1162
1163
1164
1165
4962
4873
1166
1167
5101
1168
1169
1170
5439
4992
4474
1172
1173
1174
1175
1176
2262
1178
1179
1180
1440
1181
1182
1183
1184
1185
1186
1186
1187
2539
4881
1189
1190
4310
1191
1192
1193
2292
1194
1195
4492
5540
1196
1197
1198
1199
1200
1201
1202
1203
1204
2319
1205
1206
1207
1208
1209
1209
5007
1210
1211
4816
1212
1213
5079
4096
1576
5079
1214
1215
1571
5466
1216
1216
1218
1219
1220
1221
1222
1223
1224
4513
1225
1226
1227
1228
1229
1230
1231
1232
1233
1234
1235
1236
1237
1238
1239
1240
1241
1242
1243
1244
1245
1246
1247
1248
3274
1249
1250
5434
1523
1251
3503
1252
1253
1490
1254
1255
1256
5057
3177
1257
1257
1258
1259
1260
1261
1262
5509
1263
1265
1266
1267
1268
1269
1270
2515
1271
1272
1273
1274
1275
4644
1276
1277
1278
1279
5039
1280
1281
4656
1282
5090
1283
1284
5235
1285
1286
1287
1288
1289
1290
1291
1292
1293
1294
1295
1296
1297
1298
1526
4394
5377
1299
1300
1301
1302
1303
1304
1305
1443
1443
5109
1306
1307
1308
1309
1310
1311
1312
1578
1313
1937
1314
1315
1316
1317
1318
1319
1320
1321
1322
1323
2514
1324
1325
1326
1327
1328
1329
5471
4726
4007
1331
1332
4601
1333
1334
5148
1336
1337
1888
1508
1507
1338
1338
1881
1528
1339
1340
1341
3357
1342
1343
1344
1345
1346
1347
1348
1349
1350
1351
1352
1353
1354
1355
1355
1650
1617
5476
1356
5193
1357
1358
1359
1360
1361
1387
1362
1363
5477
1364
5389
1365
1366
1367
1368
1369
1370
1371
1372
1373
1374
1375
2606
1377
1378
1379
1380
5146
1381
4629
2623
1382
1383
1384
1385
1386
1387
1388
1389
4021
1390
1391
1392
1393
1394
1395
1396
1397
1398
1399
1400
2675
1401
1402
1403
1404
1405
1406
1407
1408
1409
1410
1411
1412
1413
1414
1415
1416
1417
1418
1419
1420
1421
1422
1423
1424
1441
1425
1426
1427
1428
1445
1445
1429
1430
1431
1432
3394
1433
2767
1798
1434
1435
1435
1436
1438
1437
1438
1439
1440
1451
1145
1442
1443
1444
1445
1430
1446
1447
1448
1449
1450
1451
1876
1452
1453
1454
1455
4408
4408
1456
1456
1457
1458
1459
1460
1461
1462
1463
1464
2686
1465
1466
1467
1468
1469
1470
2705
1471
1472
4731
1473
1474
1475
5117
5256
1476
4659
1477
1478
5184
1480
1481
5506
1482
1483
1484
4270
1485
1486
1487
1488
1489
5280
1490
1868
5058
1491
1491
1492
1493
1494
1495
1496
1497
1498
1499
1500
1500
1529
1501
1502
1502
1503
1503
1504
1504
1505
1506
1507
1508
1509
1510
1511
1512
1513
1514
1515
1516
1517
1543
1613
1517
1518
5470
1792
1537
1775
1519
1519
1775
1550
1549
1520
1520
1976
1976
1570
1976
1980
1874
1521
1522
1850
1498
1525
1888
1889
2021
1879
1352
1524
1881
1530
1522
1525
1509
1509
1527
1526
1526
1527
1851
1528
1529
1530
1531
1532
1533
1534
1535
1536
1537
1538
1539
1540
1541
1542
1543
1544
1545
1546
1544
1548
1843
4390
4390
1549
1550
1551
1790
1554
1552
1537
1553
1787
1540
1541
1766
1552
1554
1790
1555
1556
1557
1558
1559
1560
1561
1562
1563
1564
1565
4708
4717
4083
3203
1568
1217
1569
1570
1570
1571
1572
1573
1574
1575
1576
1577
1578
1576
1578
1579
1580
1584
1581
1582
1583
1584
1585
1586
1963
2864
1587
1588
1589
1714
1714
1713
1713
1590
1591
1592
1593
1594
1595
1596
1597
1598
1599
1600
1601
1602
1603
1604
1605
3033
1606
1607
1608
1609
1610
1611
1159
1612
1613
1614
1615
1616
1617
1618
1619
1620
1621
1622
1623
1624
2990
5057
1625
4772
1627
1628
4782
1629
1630
1631
1632
5124
5432
1633
3635
3635
1634
1634
1635
4820
1636
4839
1637
1638
1639
1640
1641
1642
1643
1644
1645
1646
1647
3281
1648
1649
1649
1650
1651
1652
1653
1654
1655
1656
1657
1658
1659
1660
2007
1661
1662
1663
1664
1665
1666
1667
1668
4874
1670
1671
3663
1672
1673
3676
1674
1675
1676
1677
1678
1679
1680
1681
1682
1683
3683
1688
1684
1685
1688
1686
1687
1843
1849
1688
1688
1689
1690
1691
1692
1693
1694
1692
1695
1696
1697
1698
1699
1700
1701
1702
1703
1704
1705
1706
1704
1723
1567
1707
1708
970
1709
1710
1710
1727
1711
1712
1713
1713
1714
970
1962
1769
1743
1715
1567
1716
1717
1718
1719
1720
1721
1722
1962
1705
1704
1704
1705
1723
1724
1725
1726
1714
1727
1727
1713
1713
1728
1729
1730
1731
1731
1732
1733
4891
3500
1734
1735
1736
1737
1738
1739
3824
1740
1741
1742
5470
1962
3852
1944
1744
1745
1726
1778
1684
4390
1746
1759
5041
1747
1748
1749
1750
1748
1751
1752
1767
1753
1753
1754
1755
1756
1965
1757
1549
1758
1758
1757
1757
1759
1760
1761
1549
1762
1849
1788
1763
1763
1762
1542
1764
1765
1548
1548
1549
1766
1805
1768
1805
1767
1767
1767
1768
1769
1769
4273
1770
1771
1770
4919
1773
1759
1774
1793
1793
1775
1793
1778
1776
1777
1779
1778
1779
1779
1780
1781
1782
1783
1784
1986
1784
1428
1553
1785
1786
1787
1541
1788
1789
1790
1761
1789
1548
1791
1792
1793
1793
1538
1537
1763
1791
1761
1761
1544
1547
1793
1542
1541
1541
1540
1764
1546
1545
1762
1552
1790
1794
1795
1796
1797
1798
1799
1413
3412
1800
1801
1802
1803
1687
1685
1804
1805
816
1806
1807
1808
1809
1810
1987
1811
1812
1813
1813
2021
1814
1815
1816
1817
1818
3533
1819
1820
1821
1822
1823
3548
1824
1825
1826
1827
1828
1829
1830
1831
1832
1833
1834
4300
1836
1837
5322
1838
1839
4303
1841
4948
1842
1843
1765
1789
1843
1849
1687
1844
1804
1845
1965
808
1874
3685
816
1874
1977
1844
1874
1846
1847
1521
1848
1541
1548
1843
1789
1843
1789
1843
5058
1513
1850
1527
1528
1851
1879
1509
1852
3827
1502
1502
1853
1853
2014
1854
1911
1855
2019
2019
1936
1936
2016
2016
1856
1857
1858
1859
1860
1861
1862
1789
1789
1863
1864
1865
1866
1867
1868
1869
1870
1871
1872
1873
1874
1875
1876
1876
1877
1877
1850
1850
1878
1811
2021
5436
1880
1880
1881
1881
5436
4393
1882
1882
1911
1883
1884
1885
1879
1879
1886
1887
1888
1888
1913
1889
1890
1891
1892
1892
1899
1893
1894
1490
1490
1490
1490
1895
1895
1494
1910
1871
1910
1504
1504
1506
1506
1864
1865
1906
1896
1897
1898
1899
1523
1867
1512
1256
1490
1906
1906
1906
1887
1905
1905
1953
1953
1900
1900
1900
1894
1900
1890
1955
1955
1955
1955
1955
1955
1956
1909
1901
1901
1901
1901
1915
1915
1915
1915
4396
4396
4396
4396
1914
1914
1914
1914
1902
1902
1902
1902
1902
1256
1903
1903
1903
1892
1904
1904
1905
1905
1914
1914
1902
1914
1914
1914
1914
1914
1516
1516
1896
1896
1906
1906
1906
1490
1915
4396
4396
1915
1915
1915
1907
1907
1907
1907
1907
1907
1907
1907
1506
1506
1506
1506
4396
4396
1901
1901
1901
1901
1895
1895
1910
1910
1910
1915
1910
1915
1901
1901
1891
1955
1955
1891
1908
1908
4395
4395
4395
4395
1909
1909
1909
1909
1909
1955
1955
1955
1901
1901
1895
1895
1910
1910
1910
1910
1910
1901
1908
1955
1908
4395
4395
1916
1916
1909
1909
1909
1909
1915
4396
1915
1907
1907
1907
1907
1907
1506
4396
1914
1914
1914
1914
1516
1906
1906
1906
1906
1914
1910
1907
1909
1914
1893
1911
1893
1913
1913
1912
1912
1912
1912
1912
1912
1912
1912
1913
1913
1912
1912
1912
1912
1893
1912
1893
1490
4396
1915
1916
5284
5284
1313
1931
1931
2014
2007
2007
1663
1663
1926
1926
1926
1926
1930
1930
1917
1917
1917
1917
1925
1925
1925
1924
1925
1925
1927
1924
1924
1927
1927
4399
4399
4399
2019
2019
2019
2019
2019
2016
1933
2016
1933
1936
1918
1918
1918
5284
4399
4399
4399
4399
4399
4399
1919
1919
1919
1919
1919
1817
1873
1873
1873
1873
1456
1456
4399
4399
1924
1924
1924
1924
1925
1925
5547
5547
5547
5547
5547
1815
1656
5547
1920
1655
1920
1920
1924
1924
1923
1928
1917
1923
1921
1921
1921
1921
1921
1922
1922
1922
1922
1922
1928
1659
1659
1925
1928
1928
1853
1929
1926
1853
1872
1872
1872
1872
1923
1923
1929
1923
1923
1929
1929
1929
1929
1929
1928
1928
1921
1921
1921
1922
1922
1928
1928
1928
1853
1929
1872
1929
1923
1923
1923
1923
1929
1929
1929
1924
1924
5547
5547
5547
5547
5547
1920
1920
1920
4399
4399
4399
1919
1919
1919
1873
1873
4399
4399
1931
5284
1931
1931
1926
1926
1926
1930
1917
1917
1917
1932
1925
1927
1924
1927
1995
1995
2019
1933
1933
1933
1934
5284
1928
5547
1929
4399
1931
5472
1931
1931
1926
1926
1930
1930
1930
1917
1932
1932
1932
1927
1932
1927
1995
1995
1995
1933
1933
1933
1934
1934
1932
1931
1923
1935
2019
2016
1936
1937
1938
3862
1940
1941
1942
1943
1944
1945
1946
1947
1948
1949
1950
1950
1951
5059
5059
1952
1874
1874
1954
1954
1994
1954
1953
1954
1900
1954
1900
1954
1955
1954
1955
1956
1956
1956
1956
1956
1956
1956
1957
1957
1957
1957
1957
1957
4396
1957
1957
1957
1993
1993
1993
1993
1902
1993
1902
1993
1903
1903
1903
1993
1903
1993
1904
1994
1905
1994
1994
1958
1959
1415
1960
1961
1723
1962
1963
1964
1976
1003
1003
1003
1970
1976
1965
1966
1976
4273
1970
1970
1976
1976
1976
1970
1972
1972
1978
1986
1967
1968
1970
1970
1969
1969
1970
1971
1972
1972
1973
1974
1986
1975
1972
1972
1976
1980
1977
1978
1979
1980
1981
1970
1977
1982
1983
1984
1985
1976
1978
1970
1986
1977
1987
1988
1338
1813
1935
1935
2015
2015
1989
1989
1989
1989
1990
1469
1991
1992
1992
1992
1957
1956
1957
1957
1957
1994
1994
1994
1932
1932
5472
1934
1934
1932
1932
1932
1995
1996
1997
1998
1999
2000
5469
2002
4408
1456
2003
2004
2005
2006
2014
2007
2008
2009
2010
2011
2012
2013
1467
2002
2016
2015
2016
1649
2017
2018
2019
2016
1649
5435
2019
5435
2015
1612
1159
2020
5436
5436
4393
1614
2021
1814
3836
1624
