1
2
3
3
22
4
3
3
23
91
5
5
6
6
6
6
7
7
89
138
10
10
140
10
7
8
10
10
9
9
11
11
7
12
12
13
10
130
130
14
20
8
8
20
15
16
16
16
16
32
20
17
17
17
17
18
18
5241
5267
170
170
171
5267
19
19
19
19
19
19
19
19
19
19
19
19
1655
1655
1655
1655
19
19
19
19
20
20
20
19
19
19
19
19
19
170
170
5241
8
20
20
5241
5241
5241
5241
21
21
25
22
90
90
25
25
142
90
90
23
141
141
90
90
1508
1508
1508
141
25
24
24
25
26
1506
26
26
27
1507
28
29
30
30
31
32
34
33
33
34
35
35
36
37
37
3864
38
39
40
175
41
42
43
44
5
91
45
46
47
48
3865
49
50
3866
48
105
52
53
54
55
56
57
58
59
60
61
5239
62
63
64
5581
5417
65
66
67
68
22
22
142
142
69
69
70
70
71
71
5714
1079
73
72
75
73
74
75
76
77
78
5760
78
79
80
5760
770
770
81
111
754
78
82
82
83
84
84
85
86
138
1508
1508
1507
27
87
88
4
87
89
89
89
89
90
90
90
32
32
91
142
92
3892
93
94
3880
95
3871
96
97
98
5678
99
29
100
23
23
101
101
102
102
103
104
105
106
107
108
5714
3886
109
16
109
170
1655
170
170
110
110
135
111
129
129
127
127
19
1655
1655
1655
1655
112
113
114
115
116
117
120
118
173
119
118
121
134
134
122
123
123
1656
127
13
127
109
9
12
124
125
126
127
127
127
127
128
129
130
131
131
132
133
134
135
136
137
19
24
141
138
138
138
138
172
139
172
27
140
27
27
90
90
27
138
27
27
141
142
23
224
224
143
144
145
146
147
5714
148
148
194
151
149
150
151
70
149
44
161
152
152
144
164
153
154
155
156
157
158
1079
159
160
161
161
162
5582
5583
1086
5476
3891
3884
164
164
164
164
103
214
140
165
165
165
166
167
168
169
170
171
109
109
109
109
172
3891
5678
5637
174
174
1656
109
128
1655
127
127
1656
1656
1508
1508
123
123
123
175
176
1655
1655
177
178
179
191
216
1967
191
770
180
181
90
90
182
5547
1655
1655
184
134
123
185
243
186
187
188
189
189
189
190
149
191
192
193
193
194
209
195
196
197
198
197
214
217
198
199
200
201
202
203
204
204
205
206
207
238
208
209
210
211
212
213
215
215
216
217
218
219
220
221
222
223
223
219
233
214
232
224
225
226
227
228
229
229
153
230
205
225
202
222
231
231
231
232
232
232
232
223
222
233
234
223
235
235
236
237
202
235
235
200
200
236
236
238
238
198
238
238
245
238
239
189
240
241
242
243
242
1085
750
244
244
1658
245
245
245
1083
236
236
1083
246
246
247
248
249
250
749
251
252
253
254
5686
255
256
257
258
259
260
260
293
260
262
311
262
262
264
265
266
267
268
268
830
830
269
270
5313
5499
3898
271
272
4167
273
274
275
276
277
5418
3899
278
279
280
281
282
283
284
5724
285
1544
286
286
286
287
288
289
5287
290
291
292
5482
274
292
293
294
295
296
297
298
299
300
301
302
303
304
305
306
307
308
309
309
294
826
310
310
311
815
5607
313
314
315
316
317
317
316
5243
319
261
318
320
294
320
321
319
323
324
325
326
327
328
5657
329
330
330
5281
5281
331
332
333
334
335
5444
336
1133
1126
1122
1122
337
366
338
339
5481
341
342
343
344
5249
346
347
348
349
350
351
352
353
354
5494
356
357
358
339
358
358
265
359
360
361
1112
1112
5643
362
363
364
3901
337
1568
365
366
1569
367
836
1606
368
5478
370
371
3902
372
373
374
375
4293
376
377
1567
1145
1620
1620
378
379
380
381
382
383
384
385
385
386
387
3903
389
390
391
392
5770
5247
457
393
394
395
396
312
397
398
399
399
400
409
401
4168
402
5295
403
5733
5712
5712
404
405
406
407
5265
5265
735
3948
408
409
174
410
410
411
2154
5654
312
5642
412
413
414
452
5479
416
417
418
419
420
709
4282
3933
313
422
423
424
425
3920
426
3919
427
428
429
430
431
432
5584
433
434
435
436
437
438
439
440
441
442
443
444
445
446
447
448
3928
449
653
4229
450
4550
4513
451
452
453
4536
3934
454
455
5608
5419
5316
5245
5288
458
459
5434
460
461
462
3939
463
464
465
3944
466
4139
467
3947
468
469
470
471
472
5246
473
5252
5252
5681
475
5278
476
477
478
479
5322
480
481
482
483
4383
3950
484
485
486
487
488
489
490
4277
261
1652
491
492
493
4309
494
495
496
497
498
499
3969
500
501
502
4332
503
504
505
506
507
508
509
510
511
512
513
5710
3981
5694
514
515
3985
516
517
3984
3988
5435
3991
519
520
521
4184
522
5319
523
3993
524
3995
525
3994
526
3997
527
3996
528
528
529
5548
530
531
532
5609
533
534
535
536
537
5734
4002
4023
4004
538
539
540
4006
541
542
4010
543
544
4091
545
4013
4015
5674
546
4017
547
4183
4135
4088
548
549
4090
4093
4127
550
551
552
553
554
555
556
557
558
559
559
5422
4040
4029
561
562
563
4078
564
565
907
566
567
568
569
570
5500
4035
4037
571
572
573
574
575
576
577
578
579
580
581
582
5502
583
584
4050
586
587
588
589
911
590
591
592
593
594
595
5742
596
597
598
599
600
601
5436
912
602
603
604
605
606
910
607
5550
608
5549
609
610
611
612
613
614
615
616
617
913
618
619
620
5438
624
621
622
623
624
5438
625
5306
626
627
628
629
630
631
632
633
634
635
636
637
638
639
640
641
642
643
5754
644
645
646
5697
647
648
5610
650
651
652
653
654
655
656
4092
5254
657
658
659
660
5495
661
4467
4523
663
664
665
666
667
4109
668
4108
669
670
671
826
672
673
674
671
674
675
676
377
677
678
4276
1583
4259
679
4110
680
681
682
650
683
4112
684
685
686
687
688
686
689
745
690
914
651
691
5682
692
693
694
695
5551
4117
697
698
699
700
5593
701
702
703
5611
704
705
706
707
5480
5298
710
711
4398
712
713
714
715
716
717
718
718
719
4261
5684
720
721
722
723
724
725
726
5256
727
728
729
730
731
732
733
734
651
651
735
180
736
737
1138
1138
1137
738
739
739
5482
263
740
741
742
5639
5639
742
743
744
5657
329
745
361
1551
746
747
748
749
760
750
751
752
753
754
5250
756
757
5632
5611
759
760
761
762
763
764
765
766
767
768
769
5595
770
771
772
773
774
1081
1081
775
775
776
4137
5269
777
5310
4138
778
676
1669
717
780
781
1541
782
783
784
785
5492
5492
786
787
788
789
790
791
792
4142
793
4307
4505
794
5755
795
5723
614
797
798
799
800
756
801
4162
4163
5640
802
4264
803
804
805
806
804
799
807
808
809
4164
810
4268
4164
5425
811
812
813
814
815
816
817
818
819
4166
820
821
5264
392
823
5255
824
778
825
825
826
827
828
829
830
830
831
832
833
834
835
835
836
1567
837
838
839
840
5257
841
841
5257
5283
843
844
5258
845
846
847
848
849
850
851
852
853
854
855
856
4179
4177
857
858
859
860
861
862
863
864
865
5443
867
868
869
870
5437
872
5426
873
4221
875
876
877
878
879
880
881
882
883
884
885
886
887
888
889
890
891
892
893
894
4240
4487
895
896
1608
1122
4226
4226
897
5260
899
900
5747
901
902
903
790
904
4231
4337
5318
4232
527
4234
906
907
908
5502
593
909
910
911
912
913
914
2862
915
916
375
917
5261
4238
919
920
921
922
923
924
925
926
924
927
928
929
930
931
932
1028
933
933
950
934
935
936
937
1063
938
938
939
4241
940
941
942
4273
943
1166
958
944
945
946
5761
5761
947
948
949
949
948
950
951
952
953
954
926
953
955
956
957
958
959
940
960
961
5262
963
964
965
966
967
968
969
970
971
972
973
974
976
976
1001
977
978
1041
979
979
1041
980
981
982
980
983
984
5484
985
986
987
987
986
988
989
990
991
992
992
1002
993
994
995
996
996
997
997
1068
999
999
998
1000
1000
1001
1002
1003
1003
1003
1003
1004
1005
1006
1068
1006
1060
1007
1008
1009
1010
1008
1011
1012
1012
1013
1014
1014
1015
1016
1017
993
1018
1019
996
1021
1022
1023
1024
1025
1026
1027
5486
1028
1029
1029
1031
1031
1041
1032
1033
1034
1035
1036
1036
1036
1031
1037
998
1038
1039
1039
1040
1041
1038
1042
1043
1010
1044
1044
1042
937
1045
1046
1047
1048
1049
1050
1051
1052
1053
1054
1005
1054
1055
1056
1057
1058
1059
993
1060
1061
1062
1030
1063
1064
1064
1065
1066
1066
1067
1068
1069
1070
1071
1071
1072
1073
1074
1075
1075
1076
1077
1078
1079
1079
5714
1080
1081
1082
1083
1084
210
1085
1085
5714
229
1086
194
1587
1087
1088
4280
5653
5545
5303
1089
1090
1091
1092
4252
1093
1094
5696
1095
1096
1097
1098
5442
4491
4258
4256
4403
1099
1100
1101
1102
1103
5321
1105
1106
1107
5737
1109
4283
1110
1111
1111
5429
1112
5643
1113
1114
1561
1115
1116
1151
1629
1597
1117
1118
1119
1563
5644
5553
1120
1120
1122
1121
1121
1122
1133
1123
1124
1125
1146
1146
1126
1126
1127
1128
1129
1130
5587
1131
1131
1132
1132
1625
1133
898
5579
5271
1135
1136
317
317
1138
1139
739
1140
1141
1142
1143
1144
5487
1567
1568
1625
1146
1126
1134
1129
1147
1148
1148
5644
1149
1150
1624
1151
1152
1625
1153
1154
1155
1156
1156
1157
1158
1065
1567
1620
1620
1159
1655
170
1656
1655
1160
1160
1161
1162
1163
1164
1165
1166
1167
1168
1169
1170
1193
1172
1171
1172
1173
1174
1175
1173
1173
1175
1189
1191
1176
1176
1177
1178
1181
1177
1179
1180
1181
1203
1182
1194
1182
1184
1184
1185
1186
1550
1183
1183
1187
1188
1188
1189
1190
1191
1192
1193
1170
1194
1195
1196
1197
1197
1195
1198
1199
1199
1200
1201
1196
1202
1201
1205
1204
1204
1182
1205
1206
1230
1206
1206
1209
1207
1208
1209
1210
1304
1211
1212
1213
1213
1214
1215
1216
1216
1216
1216
1217
1218
1218
1217
1240
1240
1240
1240
1219
1220
1221
1222
1246
1223
1223
1223
1224
1225
1225
1224
1209
1226
1226
1227
1245
1258
1228
1228
1286
1228
1234
1234
1234
1234
1229
1229
1329
1237
1267
1267
1230
1230
1231
1231
1212
1321
1239
1239
1239
1239
1504
1504
1504
1262
1263
1263
1232
1233
1268
1234
5773
5773
1235
1235
1236
1236
1237
1237
1227
1238
1238
1301
1253
1321
1239
1240
1503
1305
1305
1241
1266
1242
1242
1503
1244
1222
1245
1245
1245
1246
1316
1247
1223
1248
1248
1247
1223
1249
1249
1250
1250
1249
1249
1250
1250
1251
1251
1268
1252
1252
1252
1253
1309
1255
1255
1254
1212
1256
1257
1258
1246
1321
1237
1312
1259
1284
1260
1261
1275
1260
1262
1232
1264
1214
1265
1239
1262
1262
1321
1263
1297
1297
1266
1280
1267
1267
1268
1250
1504
1269
1305
1270
1271
1271
1272
1274
1273
1274
1274
1275
1275
1276
1276
1277
1259
1295
1278
1279
1324
5273
1280
5273
1281
1328
5773
1280
1315
1282
1283
1305
1284
1285
1285
1285
1285
1286
1287
1288
1288
1408
1288
1280
1328
1289
5273
1291
5273
1290
1218
1294
1291
1291
1291
1237
1324
1292
1292
1293
1293
1294
1294
1296
1294
1320
1331
1331
1273
1295
1295
1324
1296
1297
1298
1299
1299
1300
1300
1301
1301
1302
1303
1342
1330
1302
1302
1304
1305
1305
1305
1241
1293
1326
1326
1306
1329
1307
1308
1309
1309
1327
1310
1310
1310
1246
1246
1229
1311
1257
1312
1257
1313
1314
1315
1316
1247
1317
1318
1263
1319
1320
1263
1329
1329
1313
1262
1322
1323
1242
1293
1274
1342
1331
1329
1325
1305
1326
1327
1244
1233
1328
1323
1271
1281
1322
1331
1331
1330
1330
1330
1331
1331
1342
1331
1333
1332
1332
1332
1332
1334
1334
1333
1333
1336
1340
1338
1333
1333
1334
1335
1336
1337
1330
1332
1334
1334
1332
1334
1345
1332
1345
1330
1330
1345
1335
1338
1338
1339
1339
1340
1341
1330
1342
1330
1343
1331
1331
1339
1343
1346
1346
1346
1346
1344
1345
1345
1346
1347
1347
1347
1356
1348
1348
1352
1353
1349
1349
1348
1350
1351
1352
1308
1308
1353
1353
1354
1355
1356
1354
1357
1357
1351
1354
1358
1358
1359
1360
1361
1361
1349
1359
1362
1362
1355
1363
1364
1359
1391
1369
1380
1365
1380
1368
1356
1391
1366
1367
1367
1366
1368
1380
1369
1362
1392
1391
1370
1371
1372
1372
1373
1374
1374
1374
1375
1379
1375
1376
1387
1371
1377
1378
1379
1369
1381
1372
1382
1383
1383
1382
1383
1383
1369
1369
1382
1384
1385
1386
1387
1376
1388
1395
1389
1390
1369
1391
1391
1393
1391
1370
1388
1393
1395
1393
1393
1394
1394
1384
1395
1395
1396
1396
1396
1396
1397
1398
1398
1398
1397
1397
1398
1399
1399
1398
1396
1396
1400
1400
1400
1400
1401
1401
1402
1406
1403
1404
1405
1396
1396
1396
1398
1405
1409
1437
1400
1406
1406
1405
1436
1436
1436
1407
1408
1411
1411
1400
1437
1409
1410
1410
1409
1411
1411
1436
1409
1437
1437
1438
1412
1413
1414
1415
1416
1417
1417
1418
1423
1419
1420
1412
1412
1421
1422
1423
1424
1416
1425
1427
1428
1426
1427
1428
1429
1436
1436
1430
1443
1431
1432
1412
1433
1412
1433
1434
1435
1436
1436
1437
1428
1437
1438
1438
1439
1440
1440
1441
1442
1442
1443
1443
1442
1408
1455
1455
1447
1455
1444
1444
1445
1445
1451
1452
1444
5275
1272
1445
1446
1446
1446
1243
1445
1455
1447
1447
1447
1447
1448
1448
1448
1448
1449
1454
1450
1289
1451
1445
1447
1445
1452
1451
1453
1473
1447
1454
1454
1451
1455
1465
1456
5275
1456
1456
1447
1455
1457
1456
1462
1457
1456
1463
1463
1453
1473
1473
1453
1457
1464
1464
1458
1458
1458
1458
1459
1462
1459
1469
1469
1457
1460
1461
1462
1463
1458
1464
1460
1458
1464
1466
1465
1466
1463
1465
1466
1475
1467
1468
1469
1469
1453
1470
1471
1472
1465
1465
1465
1465
1473
1473
1473
1473
1470
1470
1466
1474
1475
1474
1466
1474
1450
1478
1499
1498
1498
1477
1477
1477
1499
1478
1479
1478
1478
1480
1480
1498
1476
1499
1499
1476
1481
1482
1482
1482
1489
1487
1488
1484
1487
1493
1483
1484
1486
1485
1486
1487
1488
1488
1489
1490
1488
1489
1490
1488
1489
1498
1498
1502
1491
1492
1493
1494
1494
1495
1493
1496
1497
1498
1498
1498
1500
1499
1499
1500
1500
1500
1500
1500
1502
1501
1502
1502
1502
1243
1243
1243
1503
1503
1504
1504
1262
1504
25
90
90
90
1508
1508
24
25
1505
1506
1507
1508
1507
90
90
90
1508
90
90
182
1508
1508
1509
25
1509
1506
90
1508
25
1506
1509
90
90
1510
5736
90
90
90
90
90
1511
1512
1513
1514
1515
1516
1517
4271
1518
1519
1520
5314
5304
1522
1523
5501
5488
1525
1526
4409
1527
1528
1529
1530
1531
1532
5312
1533
1534
5325
1535
1536
1537
1538
1666
1539
1540
259
1541
1542
1543
1543
1544
1544
1545
778
1546
1546
1547
1545
1650
1548
1549
1668
5282
1550
1551
1552
1553
747
1554
1555
4285
4287
4552
1556
1557
353
1558
1559
5562
5748
5748
1562
5613
5587
842
1564
5588
5588
1566
1621
720
338
1568
1146
1569
1570
369
1571
1572
1573
1574
1575
4290
1576
5696
4397
1577
5489
1579
5285
1580
1581
4281
1582
1583
1584
1585
1586
5591
1588
1589
1590
5493
5491
1591
1592
5290
1593
1594
1594
1595
1594
1628
1133
1625
1596
1596
1597
1598
1599
1600
1601
1602
1603
1604
1605
1606
1606
1606
1607
1608
1609
1610
1610
1611
1612
1613
1614
1615
1616
1617
1618
1619
1620
1621
1620
1620
1621
785
1622
785
1622
785
1623
1623
1623
1623
1624
1624
784
1625
1145
1145
785
1145
1150
1626
1627
1628
1628
1628
1596
1152
1629
1629
1630
1631
5735
5291
5430
5615
1634
1020
1635
1636
4289
1637
1638
5563
5293
1640
5652
1642
1643
1644
1645
1646
1646
1647
1649
1542
1648
1648
1649
1543
1543
1649
1650
1653
1651
1651
1652
827
827
1654
1724
1655
1655
2155
135
3104
2147
1656
1656
1655
1655
1657
2155
1658
1658
1659
1664
1660
1661
1662
1663
1664
2731
1655
3104
1656
1655
5746
1665
1666
1667
3486
1668
5704
4294
4517
5762
1671
1672
1673
1674
1675
1676
4301
1677
1678
1679
1680
5296
1682
1683
5305
5756
1685
1686
1687
4298
1688
1689
1682
1690
1691
5557
5578
1692
1693
1694
1695
1699
5496
5558
1696
5432
1697
1698
1699
1700
1572
1701
1702
1703
1704
1705
1706
1707
1708
1709
4504
4391
1710
1711
1712
1713
1714
4515
5408
1715
1716
775
2735
1716
1717
1717
2653
1718
1719
4404
5439
1720
4402
1721
5497
1722
4557
1723
1724
1654
1725
1726
88
1655
1656
1727
1728
1729
1730
1731
1732
1733
1734
1735
1735
1736
1737
1738
1739
1740
1741
1739
1742
1743
1744
4415
4416
1745
1746
4419
1849
5706
4422
4410
1734
5617
5617
1748
1749
1750
5440
1751
1752
1740
1753
1754
4463
5713
1755
1756
1757
1758
1759
1760
1761
1762
1763
1764
1765
1766
1767
1768
1769
1770
1771
1772
1773
1774
1775
1776
1777
1778
1779
1780
1781
1781
1782
1782
1828
1783
1784
1785
1786
1787
1788
1789
1790
1790
1791
1792
1793
1794
1795
1796
1796
1801
1797
1798
1798
1797
1799
1800
1808
1801
1802
1803
1804
1805
1806
1807
1808
1838
1809
1810
1811
1812
1848
1813
1814
1814
1815
1816
1817
1818
1819
1820
1821
1821
1822
1823
1824
1780
1825
1826
1827
1828
1829
1830
1831
1832
1833
1834
1835
1836
1837
1838
1839
1840
1841
1842
1843
1844
1845
1846
1847
1848
1849
4419
1850
1851
1852
1853
1854
1855
1856
1857
1858
1858
1859
1860
1861
1862
1863
1864
1865
1866
1867
5633
1868
1869
1870
1871
1872
1873
1874
1875
1876
1877
1878
1879
1880
1881
1882
1883
1884
1885
1886
1887
1888
1889
1888
4440
1890
4441
4442
1891
1892
1893
4445
1894
1895
1895
1896
5307
1897
1898
1899
5309
1900
1901
1902
5503
1901
1903
1904
1905
1935
5707
5498
1906
1907
4447
1908
1909
1910
1911
1912
1913
1914
1915
4452
1916
1917
4453
1918
1919
1920
1921
4455
1922
1923
1924
1925
1925
1926
1927
1928
1929
1930
1931
1932
1932
1933
1934
1935
1936
1938
1937
1938
1939
1940
1940
1941
1908
4456
4457
1942
1942
1943
1943
1944
1918
1945
1946
1946
1947
1948
1948
1949
1931
1950
1950
1951
1938
1932
1934
1952
1935
1936
1951
1952
1951
1952
1952
1952
1952
1953
1634
1954
1955
1956
1957
1958
1959
5320
1960
1961
1962
1963
1964
1542
1965
1966
1967
1968
1969
1969
1970
1971
1972
1973
1974
3582
1975
1975
1976
1655
1977
1977
4553
1978
1979
1980
1981
1982
1983
1984
4136
1985
1986
1987
5326
1988
5326
2069
1989
5326
2087
2005
2024
2024
1990
1990
1990
5703
1992
5506
2071
1992
1991
1991
1991
1991
1992
1992
1992
1992
1993
1994
1994
1995
1992
1996
1997
1997
1995
1995
131
1998
2073
2073
2073
2073
1999
5360
2093
2093
5360
2074
2014
2002
2002
2002
2014
2000
5519
5668
5668
5519
2001
2001
3104
5360
5360
5360
5360
5360
5360
5360
5360
5360
5360
5360
5360
1655
1655
5360
5360
5360
5360
5360
2073
2073
2073
5360
5360
2002
2002
2002
5360
5360
5519
5519
5360
2073
2002
2073
2002
2002
5519
5519
2000
3579
2004
2006
3447
2003
2004
2072
2005
2005
2005
2005
2120
2072
2072
2120
3451
2120
3451
3451
2006
2007
2008
2008
3450
2009
2009
3449
3450
2009
2010
1986
2085
2011
2012
2013
2013
2074
2013
2014
2015
2015
2016
2016
2017
4560
4560
2018
2019
2020
2021
2022
2023
5596
2136
1989
2025
2026
2027
2028
2029
5329
2030
2031
2032
5328
5327
5645
2033
2034
2035
2036
2037
2038
2039
2040
2041
2050
2042
2043
2044
2045
2046
2047
2048
2048
5326
2005
2072
2072
1989
1989
2049
2049
5645
2130
5518
2042
2051
2052
2053
2053
2054
2055
2056
2057
2063
2058
2059
2060
2082
2059
2153
2061
2062
2153
2722
2063
2046
2064
2065
2066
2066
2054
2067
5506
3451
2119
3450
3451
2068
2068
2069
2070
5703
2071
2071
2071
2072
2072
2072
2074
2074
2088
2005
2075
4579
2076
2077
2078
4575
2079
2080
2081
2082
2083
2084
136
2086
2087
2087
2087
2087
2088
2088
2146
2089
5765
5765
2090
2091
5645
2092
2093
2093
1999
5360
3104
3104
3104
2094
2094
2107
2061
2112
2095
2151
2117
5360
2093
1655
1655
1655
2096
2097
2098
2099
2100
2101
2102
2103
2104
2105
2106
2107
2094
2151
2151
1656
1656
2108
2109
2110
2111
2112
2113
2114
2115
2151
2151
2110
2108
2116
2117
131
1657
2155
5360
2008
2120
5506
5506
5506
5506
2070
2009
2118
2009
2119
2119
2118
2072
2072
2119
2119
2119
5506
2120
2005
2005
2189
2064
2121
2122
2123
2123
2124
2125
3020
2124
2126
2167
2127
2128
2129
2129
2130
2131
2131
2129
2132
2133
2123
2122
2134
2135
2050
2139
4576
5330
2136
2132
2137
2138
2139
2139
2140
2141
4578
2142
2143
2144
2145
2175
2146
1991
2147
3104
2093
2093
2093
2093
3449
2148
2149
2083
2372
2150
1656
2093
2116
5360
2110
2109
1656
1656
3451
3451
2113
2113
2022
2152
1655
1655
2132
2164
3860
2184
1657
2704
2154
2072
2072
3449
5360
5360
2155
1656
2156
2157
3863
2158
2159
2160
2161
2162
2163
2164
2165
2166
2167
2168
2169
2170
2171
2172
2173
2174
2175
2176
2178
2177
2178
2177
2180
2179
2180
2180
2181
2182
2174
2172
2124
2170
2183
3018
2183
2183
2184
2185
2185
2185
2187
2185
2186
2185
2185
2187
2187
2187
2188
2132
2189
2198
2190
2190
2191
2192
2193
2193
2122
2194
2182
2195
2180
2176
2195
2196
2196
2195
2199
2197
2198
2187
2195
2197
2198
2187
2199
3018
2209
2199
2199
2199
2179
2177
2177
2199
2209
2177
2177
2174
2209
2209
2209
2209
2200
2201
2202
2203
2203
2204
2205
2206
2717
2207
2207
2208
2205
2209
2202
3017
2209
2209
2209
2210
2211
2212
2213
2214
2215
2671
4582
2217
2218
2219
2220
2221
2222
2223
2224
2225
2226
2256
2279
2226
5413
5543
5364
2227
2228
4586
2229
2230
2231
2231
2780
5603
2233
5187
3461
2234
4584
2235
2236
2237
2254
2238
2239
2240
2241
2762
5725
2243
5331
2244
2245
2246
5332
2247
5333
2248
3482
2249
2249
2249
2253
2251
2251
2250
2252
2253
3481
2254
2255
2255
2256
5411
2257
2258
2259
2260
2261
2262
2263
2264
2265
2266
2267
5334
2268
2269
3578
2779
2270
2270
3086
2271
2272
2273
2274
2275
5350
5507
2276
2276
2277
2277
2278
2455
2279
5606
2280
5359
2280
2281
5606
2283
2284
2285
2286
2287
2288
4585
4844
2289
2290
2291
2291
2292
2293
2294
2295
2296
2297
2298
2299
2299
2300
2300
2301
2319
3501
2327
2302
2303
2304
2305
2306
2307
2308
2309
2310
2310
2311
2312
4966
2314
2315
2316
2317
2318
2348
2320
2320
2319
2321
5337
2322
2323
2323
2323
2323
2324
3572
2326
5377
2301
2301
3502
3502
3502
3538
3537
2301
2328
2329
2330
2331
2332
2333
2334
4969
3014
2336
2738
2863
3558
3102
3102
3558
2338
2339
2340
2341
2342
2343
2344
2345
2346
2347
2348
4808
4588
2349
2350
5368
2352
2353
5346
2355
2356
2357
2358
2359
4597
2360
2721
2361
2361
2362
2363
4846
2364
4845
2365
2366
2366
2658
4593
2367
2368
2321
2369
2369
2370
2371
4640
2065
2372
2373
2373
2374
5381
4979
4594
2375
2376
2377
4606
2378
4991
5345
2379
2380
2381
5382
2382
5342
2383
2384
2385
2386
2387
2388
2389
2390
2391
2392
2393
2394
2395
3516
2396
2397
2398
2399
2400
2401
2402
4605
2404
2405
2406
2407
2408
2409
2410
2411
2412
4613
2413
2414
2802
2415
5619
2416
5197
4960
2417
2418
2419
4995
2420
5451
5571
2421
2422
5385
4618
2423
4617
2424
5540
2425
5338
2426
2427
2428
2429
2430
4629
2431
2432
2433
2434
4634
2435
2436
4635
5508
2437
2438
5339
2439
2440
5339
4636
5229
2442
5340
2443
2444
2445
2446
2447
5341
2448
2449
2450
2451
2452
2453
2454
5526
2455
2456
2457
2458
2459
2460
2461
2462
5662
2463
2464
2465
2466
2467
2468
2469
5011
2470
2471
2472
2473
2474
2475
2476
4661
2477
4664
4665
2478
2479
2480
2481
2482
2483
2484
4669
2485
4675
4677
5452
2486
2487
2488
2489
2490
2491
4861
2492
2493
4693
2494
5357
4908
4859
2495
2496
4703
2499
4697
5352
2497
2498
2499
4682
2500
2501
4683
2502
5510
5676
2503
4775
2504
2505
5458
2506
2507
2508
2509
4884
2510
2511
4906
2512
2513
2514
2515
2516
2517
2518
4696
2519
4885
2520
4698
2521
2521
2522
2523
2524
2525
2526
2527
2528
2529
2530
2531
5758
2532
2533
4704
5185
2534
4709
2535
2536
2537
2538
2538
2539
2854
5353
2540
2541
5620
4772
2542
2543
2544
2545
2546
2547
2548
2549
2550
2551
2552
2553
4723
2554
4724
2555
2556
2557
2558
2559
5626
2561
2857
2562
2563
2564
4731
2565
2566
2567
2568
2569
2570
2571
5454
2572
2859
2573
2574
2575
2576
2577
2578
2579
4877
2580
2581
2582
2583
2584
2585
2586
5621
2588
2860
2589
2593
2590
5461
2591
2592
2593
2594
2595
2591
2594
2596
2597
2847
2661
2598
2599
2600
5688
2601
2602
2603
2604
2605
2606
4758
5455
2608
2609
2610
2611
2612
2613
2614
2615
4892
2616
2617
2618
2619
2619
2619
2660
4765
2620
2621
2622
2623
5533
2625
5568
2627
2628
2629
2630
2631
2632
2633
2634
2635
2636
2637
4783
2639
2640
2641
2645
2642
2643
2643
2644
2645
2646
3015
2647
2647
4953
5663
2648
2649
2650
2651
2652
2653
4948
5768
3492
5718
2656
2656
3489
2657
1634
2713
2659
2660
2661
2662
4818
2663
4802
2664
2665
2666
2667
2667
4791
2668
4792
2670
5511
2672
2673
2673
2674
2675
2676
2677
2678
5580
2679
2680
2681
5575
2683
2684
5457
2686
2687
2688
2689
4797
2690
2690
4943
2691
2692
5371
5671
2693
2694
2695
2696
2697
2698
2699
2700
2701
2702
2703
2742
2704
2152
2838
3535
2320
2838
2705
2276
2706
2706
2707
2707
2708
5543
5414
2709
5347
5347
2216
2711
2712
3583
2713
2714
2715
2716
2726
2290
2718
2719
2720
2721
2722
4809
2723
5232
2724
2725
2726
2717
5075
2727
2728
2729
5238
2730
2731
4901
2732
2733
4816
2734
2734
4817
2735
5349
2736
2737
5623
5636
5513
2738
2337
2739
2740
2740
2741
5526
2659
2743
2743
2743
2743
2744
2745
2746
790
2747
2748
4825
5000
5186
4830
4832
2749
2750
2751
2752
2753
2754
4837
4926
2755
2756
4838
4838
4840
4841
2757
2758
4924
2759
2759
2760
4837
4842
4924
2762
5459
2764
5725
4934
4849
2765
2766
2767
2768
2769
2770
2771
5624
5717
4927
2340
2772
2773
2774
2775
2776
2777
2338
2778
2779
3578
2781
2782
2780
2780
2783
2784
5521
2785
2786
2787
2787
2786
3064
2788
2789
2790
3557
2793
2791
2791
2792
2793
2794
2795
2796
2797
2798
2799
2800
2801
2802
2803
2804
2805
2806
5029
2807
2808
2809
2810
5700
4856
2811
2812
2813
2814
2815
2816
2817
2818
2818
2819
2820
2821
4897
2822
2823
5069
5574
5355
2825
2826
5536
5369
2827
2828
2829
2830
2831
2832
2833
5738
2834
2835
2836
2619
4889
5646
2837
2838
2839
2839
2840
2840
2841
5515
2842
2843
2844
2845
2846
2847
2848
2849
2850
2851
2852
2853
4908
2854
2855
2856
2857
2858
2562
2558
2859
5461
2860
2861
2862
5541
2863
2335
2864
2865
2866
2867
2868
2868
2869
2905
5597
2870
2871
2872
2873
2874
2875
2875
2876
2876
2877
2872
2878
2879
2880
2881
2882
2883
2884
2885
5527
2886
2887
2887
2888
2888
4916
2889
5601
2890
2891
2891
2892
5751
2893
2893
2970
2894
2895
2895
2896
2897
3001
2898
2898
2899
2900
2901
2902
5527
2903
2904
2905
2906
2907
2908
2909
2910
2911
2912
2913
2914
2915
2916
2917
2948
2918
2919
2920
5647
2921
2922
2976
2923
2922
2924
2924
2925
2926
2927
2928
2929
2930
2931
2931
2932
2932
2933
2934
2935
2936
2937
2938
2938
2939
2940
2941
2942
2943
2943
2942
2944
2945
2945
2946
2939
2947
2947
2948
2940
3105
3105
2949
2950
2951
3003
2952
2952
2921
3006
2953
2954
2954
2955
2955
2956
2957
4920
2958
2959
3007
2960
2961
2962
2963
2964
2965
2966
2967
5649
2969
3143
2970
2971
5751
2972
2973
2974
2976
2976
2985
2977
2978
2979
2980
2949
2975
2975
3005
2981
2982
2983
2985
2962
2983
2962
2984
2985
2986
2987
2987
2984
2988
2967
2910
2989
2990
2964
2991
2992
2993
2994
2995
5517
5517
2996
2997
4925
2940
2998
2999
3000
3000
3001
3002
3003
3004
3005
3005
3006
2944
3007
3008
3009
3010
5718
5528
5359
3012
3013
2863
3014
3014
3015
5518
5518
5715
3016
3017
3018
2183
3019
3019
5715
2193
2194
3020
3021
3022
4929
3023
5462
3024
3025
3026
3027
3028
5087
4930
3029
3030
3031
3032
5599
3033
5171
3034
5470
3035
3036
3037
3038
3039
3040
3041
3042
3043
3044
3045
3046
3047
3047
3048
2323
5361
3050
5520
3051
3052
3053
3054
3055
3056
3057
3058
3059
3060
3061
3062
3063
3064
3065
3066
3066
3065
2299
3068
3069
3070
3073
3071
3072
3073
3074
3075
3076
3077
3078
3079
3093
3093
3079
3564
3080
3081
3082
5388
3083
3084
2705
2277
2276
3085
2706
3086
3087
5363
5699
3088
3089
3558
3501
3102
3090
3091
5465
3092
3078
3093
3094
3095
3095
3096
3096
5390
5390
3558
3097
3100
3098
3099
3100
5364
3101
2996
3102
3102
3102
3103
3104
3104
1656
1656
3105
3105
3106
3107
3108
3109
3109
3110
3111
3112
3112
3113
3113
3114
3115
3116
3117
3118
3236
3236
3118
3118
3119
3120
3120
3131
3145
3145
3121
3132
3122
3122
3121
3123
3124
3238
3135
3125
3140
3126
5602
3130
3126
3488
3127
3128
3129
3119
3130
3131
3132
3133
3134
3135
3136
3142
3137
3137
3134
3138
3139
3114
3140
3141
3141
3144
3142
3143
3144
3138
3124
3146
3150
3150
3150
3150
3185
3162
3147
3148
3149
3252
3151
3152
3152
3152
3153
3153
5767
5767
3155
3197
3209
3155
3209
3209
3171
3171
3171
3171
3156
3157
3158
3159
5367
3187
3187
3184
3160
3160
3161
3161
3162
3163
3163
3164
3187
3165
3217
3261
3217
3217
3166
3166
3166
3166
3167
3167
3168
3168
3215
3168
5366
3170
3169
5366
5366
3169
3170
3446
3170
3170
3446
3446
3445
3445
3198
3172
3173
3198
3166
3183
3174
3174
3174
3175
3176
3176
3168
3168
3163
3177
3229
3178
3178
3255
3170
3171
3181
3179
3234
3234
3180
3181
3260
3260
3182
3157
3262
3183
3183
3245
3184
3184
3245
3185
3186
3185
5690
5690
5690
3187
3183
5690
5690
3237
3183
3188
5365
3188
3189
5690
3189
3178
3190
3190
3191
3191
3248
3192
3152
5367
3165
3255
3168
3215
3193
3249
3194
3202
3194
3195
3173
3218
3196
3257
3197
3446
3198
3198
3255
3225
3255
3255
3246
3180
3215
3215
5365
3183
3446
3227
3234
3199
3200
3380
3336
3201
3201
3261
3201
3202
3203
3203
3202
3205
3205
3201
3224
3206
3207
3208
3208
3211
3210
3210
3265
3211
3212
3213
3214
3234
3215
3216
3216
3216
3216
3217
3217
3218
3344
3344
3218
3167
3386
3175
3219
3219
3219
3258
3208
5752
3220
3220
3220
3168
3224
3221
3221
3221
3221
5752
5752
3154
3154
3222
3266
3223
3223
3267
3223
3224
3227
3225
3226
3227
3228
3229
3230
3231
3229
3231
3232
3277
3267
3231
3235
3233
3234
3234
3179
3234
3235
3236
3237
3238
3277
3239
3240
3241
3241
3243
3243
3243
3244
5367
5367
3246
3247
3248
3248
3257
3249
3250
3251
3186
3245
3252
3253
3198
3254
3222
3198
3256
3256
3257
3445
3258
3259
3260
3235
3261
3267
3266
3256
3262
3171
3237
3263
3182
3172
3264
3265
3343
3258
3259
3266
3256
3256
3277
3277
3268
3268
3267
3268
3269
3270
3271
3271
3270
3274
3270
3272
3272
3279
3281
3275
3269
3272
3273
3274
3275
3276
3277
3270
3270
3273
3278
3278
3283
3278
3278
3277
3277
3283
3276
3279
3282
3279
3282
3280
3281
3277
3267
3267
3278
3267
3268
3279
3278
3284
3284
3278
3284
3282
3283
3284
3283
3290
3306
3293
3285
3287
3290
3286
3287
3299
3299
3287
3297
3288
3289
3239
3239
3290
3290
3291
3291
3293
3300
3294
3294
3288
3291
3302
3295
3296
3297
3298
3298
3299
3302
3310
3301
3300
3311
3301
3302
3309
3312
3305
3303
3304
3305
3306
3312
3310
3307
3308
3307
3304
3309
3309
3310
3311
3312
3326
3326
3313
3314
3314
3313
3315
3315
3320
3316
3325
3317
3316
3325
3318
3319
3320
3315
3321
3313
3322
3321
3322
3322
3321
3322
3309
3309
3322
3323
3323
3324
3325
3327
3325
3327
3328
3329
3309
3312
3312
3321
3312
3326
3326
3326
3327
3331
3331
3330
3330
3322
3331
3331
3332
3339
3332
3332
3333
3333
3333
3333
3341
3338
3333
3333
3334
3334
3332
3332
3339
3339
3339
3339
3335
3335
3240
3340
3341
3336
3337
3332
3332
3332
3338
3341
3349
3340
3339
3350
3340
3341
3342
3342
3342
3343
3344
3347
3347
3339
3351
3346
3345
3346
3345
3347
3348
3348
3349
3350
3351
3352
3352
3353
3354
3354
3353
3354
3354
3359
3355
3367
3356
3355
3352
3357
3358
3359
3363
3354
3353
3360
3363
3361
3361
3363
3364
3362
3362
3364
3365
3374
3366
3367
3368
3367
3368
3369
3370
3342
3351
3362
3371
3351
3351
3371
3371
3375
3371
3372
3373
3373
3374
3375
3376
3344
3377
3377
3389
3377
3379
3378
3379
3379
3388
3388
3379
3379
3380
3381
3382
3383
3382
3382
3378
3379
3389
3389
3389
3389
3384
3384
3384
3384
3385
3390
3391
3386
3387
3379
3389
3389
3388
3391
3394
3390
3389
3394
3390
3391
3377
3377
3378
3175
3392
3392
3389
3394
3393
3393
3393
3397
3392
3392
3392
3395
3395
3395
3405
3404
3401
3400
3396
3398
3400
3400
3397
3396
3404
3408
3403
3404
3398
3399
3397
3392
3400
3401
3399
3400
3401
3401
3400
3401
3392
3392
3401
3402
3410
3403
3404
3406
3405
3406
3407
3408
3392
3395
3395
3405
3395
3395
3405
3405
3409
3409
3409
3410
3410
3410
3410
3410
3387
3415
3418
3412
3419
3412
3414
3414
3419
3415
3242
3416
3416
3413
3413
3417
3420
3418
3419
3420
3421
3427
3422
3422
3425
3422
3422
3428
3424
3423
3434
3424
3425
3426
3427
3428
3429
3429
3431
3430
3429
3431
3430
3431
3431
3411
3417
3431
3432
3433
3434
3435
3436
3437
3438
3439
3440
3411
3411
3419
3442
3419
3418
3441
3442
3441
3442
3442
3443
3444
3443
3443
3443
3383
3383
3383
3181
3181
3445
3445
3218
3234
3447
3447
2072
2072
3451
3447
2007
3448
3449
3450
3450
3450
3451
2072
2072
2072
3451
2072
2072
3449
2007
3447
2007
3448
3449
3451
2072
3448
3447
3448
3449
2072
2072
5746
3452
2072
2072
2072
2072
2072
5727
5732
3453
3454
4816
5522
3456
5523
5088
3458
3459
3460
5474
3462
3463
3464
3465
5222
5665
5669
3466
3467
3468
3468
3469
3470
3471
3472
5525
3474
5466
3475
3476
3581
3477
3478
3478
3479
3480
3859
3481
3576
3482
3481
5372
2777
3483
5693
3484
5372
3485
5373
5393
3487
5376
3488
3489
2715
4952
3490
5361
4957
3491
3492
4957
3493
4958
5234
5630
3494
3494
3076
3496
3497
3498
3499
3500
5537
5537
3552
3551
3501
3502
3090
3090
3503
3504
3505
3506
5740
5398
3507
4994
3508
3509
3510
3511
3512
3513
3514
3515
5085
3517
3518
3519
3520
3521
5572
3522
3523
3524
2669
4967
3526
4965
5384
3527
3529
3528
3065
3530
3067
3067
3080
3564
3096
3563
3054
3531
3532
3533
2782
3534
2346
3536
3537
3537
3538
3538
2839
3539
3540
3541
3541
3542
3543
3544
3545
3546
3547
3548
3549
3550
3553
3553
3551
3552
3552
3553
3553
3554
3555
5538
3555
5538
3498
3557
3556
3556
3557
3560
3559
3559
3559
3560
3560
3561
5529
3530
3565
3563
3564
3565
3565
3530
3566
4973
3567
5386
3568
3569
2951
4970
5651
3570
3571
5544
3573
3574
3574
3573
3575
3575
3576
3576
5603
3485
3577
3577
5526
3578
3578
3579
3579
1655
1655
1728
3580
5393
1975
2445
3582
3583
3584
4975
3585
3586
3587
3588
3589
4978
3590
3591
5774
3592
3593
3586
3594
3595
4984
5214
3596
3597
5396
5083
3598
3599
3600
3601
3602
5631
3604
3605
3606
5216
4992
3607
3608
4990
5395
3610
3611
5399
3612
4993
3613
3614
2659
2862
5071
5074
3615
3616
2802
3617
5195
2660
3618
3619
3620
3609
5198
3621
3622
3622
3623
3624
3625
5628
3626
3627
5093
3628
3629
5098
3630
3643
3644
3631
3631
3632
3633
5576
3634
3634
3635
3636
3637
5101
3638
3639
3640
3746
3641
3642
3643
3644
3643
3645
3646
5403
3647
3648
3649
3650
5576
5400
3651
3652
3653
3645
3654
3655
3656
3657
3658
3659
3660
3661
3662
3663
3664
3665
3666
3667
3668
3669
3670
3671
3672
3673
3674
3675
3676
3719
3677
3678
3678
3722
3679
3679
3680
3681
3682
3683
3684
3685
3686
3687
3680
3688
3689
3690
3691
3692
3693
3657
3694
3694
3695
3695
3696
3691
3697
3697
3705
3698
3699
3700
3701
3702
3703
3704
3705
3706
3707
3736
3708
3709
3710
3743
3711
3712
3713
3714
3715
3669
3716
3717
3718
3718
3719
3720
3721
3722
3723
3724
3725
3726
3727
3728
3729
3730
3731
3732
3733
3734
3735
3736
3737
3738
3739
3740
3741
3742
3743
3744
3745
3710
3746
3641
3747
3748
3749
3750
3751
3752
3753
3754
3756
3755
3756
3757
5650
3758
3759
3760
3761
3762
5402
3763
5401
3765
3766
3767
3768
3769
3770
3771
3772
3773
3774
3775
3776
3777
3778
3779
3780
3781
5138
3782
5139
3783
3784
3785
3786
5119
3787
5728
3788
5146
5123
3789
5125
3790
3791
3792
3793
3794
5147
3795
3796
3797
3797
5410
3798
3799
3800
3801
3831
3802
3802
3803
3804
5702
3805
3806
3807
3808
3809
3810
3811
5131
3812
3813
3814
5134
3815
3816
3817
3818
3820
5135
3819
3820
3821
5605
3822
5753
3824
3825
3826
5532
3828
3828
3829
3830
3831
3832
3833
3834
3833
3835
3836
3836
3838
3837
5142
3839
3840
3840
3825
5140
3842
3843
3844
3844
3845
3816
3846
3846
3847
5532
3848
3848
3849
3833
3828
3829
3850
3831
3832
3849
3849
3850
3850
3850
3850
3850
3851
3852
3853
3854
3855
2824
3856
3857
3858
5188
3859
3860
3860
2210
3861
3861
3862
3863
2183
2157
3863
